# T [GeV]  P/T^4
6.03861954e-03  1.20231040e-02
8.35238828e-03  1.66298991e-02
1.05138473e-02  2.09334398e-02
1.25686802e-02  2.50246842e-02
1.45423526e-02  2.89543363e-02
1.64509925e-02  3.27545047e-02
1.83056714e-02  3.64472355e-02
2.01144276e-02  4.00485335e-02
2.18833432e-02  4.35705065e-02
2.36171680e-02  4.70226130e-02
2.53197066e-02  5.04124266e-02
2.69940690e-02  5.37461412e-02
2.86428415e-02  5.70289055e-02
3.02682058e-02  6.02650633e-02
3.18720250e-02  6.34583235e-02
3.34559070e-02  6.66118885e-02
3.50212526e-02  6.97285466e-02
3.65692920e-02  7.28107474e-02
3.81011135e-02  7.58606577e-02
3.96176862e-02  7.88802070e-02
4.11198779e-02  8.18711237e-02
4.26084701e-02  8.48349631e-02
4.40841696e-02  8.77731334e-02
4.55476189e-02  9.06869123e-02
4.69994039e-02  9.35774672e-02
4.84400612e-02  9.64458661e-02
4.98700836e-02  9.92930918e-02
5.10059755e-02  1.05148248e-01
5.21298531e-02  1.11085921e-01
5.32686510e-02  1.16803907e-01
5.44198085e-02  1.22315678e-01
5.55810983e-02  1.27635559e-01
5.67505909e-02  1.32778023e-01
5.79266205e-02  1.37757219e-01
5.91077530e-02  1.42586655e-01
6.02927559e-02  1.47279024e-01
6.14805722e-02  1.51846100e-01
6.26702962e-02  1.56298715e-01
6.38611532e-02  1.60646764e-01
6.50524810e-02  1.64899245e-01
6.62437144e-02  1.69064310e-01
6.74343715e-02  1.73149326e-01
6.86240422e-02  1.77160938e-01
6.98123775e-02  1.81105140e-01
7.09990819e-02  1.84987326e-01
7.21839051e-02  1.88812359e-01
7.33666359e-02  1.92584620e-01
7.45470969e-02  1.96308058e-01
7.57251399e-02  1.99986235e-01
7.69006414e-02  2.03622370e-01
7.80734996e-02  2.07219372e-01
7.92436314e-02  2.10779873e-01
8.04109696e-02  2.14306261e-01
8.15754609e-02  2.17800700e-01
8.27370638e-02  2.21265163e-01
8.38957475e-02  2.24701435e-01
8.50514896e-02  2.28111159e-01
8.62042758e-02  2.31495820e-01
8.73540982e-02  2.34856784e-01
8.85009546e-02  2.38195302e-01
8.96448478e-02  2.41512521e-01
9.07857847e-02  2.44809494e-01
9.19237759e-02  2.48087190e-01
9.30588351e-02  2.51346505e-01
9.41909786e-02  2.54588262e-01
9.53202250e-02  2.57813225e-01
9.64465946e-02  2.61022104e-01
9.75701095e-02  2.64215551e-01
9.86907931e-02  2.67394177e-01
9.98086698e-02  2.70558548e-01
1.00923765e-01  2.73709194e-01
1.02036105e-01  2.76846604e-01
1.03145716e-01  2.79971244e-01
1.04114124e-01  2.83691732e-01
1.04952579e-01  2.87975304e-01
1.05797262e-01  2.92227619e-01
1.06647805e-01  2.96448494e-01
1.07503857e-01  3.00637863e-01
1.08365085e-01  3.04795741e-01
1.09231166e-01  3.08922303e-01
1.10101796e-01  3.13017764e-01
1.10976682e-01  3.17082447e-01
1.11855549e-01  3.21116698e-01
1.12738132e-01  3.25120952e-01
1.13624179e-01  3.29095691e-01
1.14513453e-01  3.33041405e-01
1.15405727e-01  3.36958637e-01
1.16213097e-01  3.41325117e-01
1.16975913e-01  3.45934417e-01
1.17744206e-01  3.50515577e-01
1.18517724e-01  3.55068190e-01
1.19296222e-01  3.59591969e-01
1.20079465e-01  3.64086697e-01
1.20867223e-01  3.68552280e-01
1.21659276e-01  3.72988681e-01
1.22455412e-01  3.77395923e-01
1.23229049e-01  3.81941089e-01
1.23944371e-01  3.86858249e-01
1.24664815e-01  3.91748704e-01
1.25390178e-01  3.96611917e-01
1.26120263e-01  4.01447452e-01
1.26854877e-01  4.06254968e-01
1.27593834e-01  4.11034183e-01
1.28333427e-01  4.15809860e-01
1.29015726e-01  4.20996101e-01
1.29702868e-01  4.26156539e-01
1.30394681e-01  4.31290561e-01
1.31090995e-01  4.36397667e-01
1.31791647e-01  4.41477397e-01
1.32493342e-01  4.46553697e-01
1.33151647e-01  4.51974169e-01
1.33814537e-01  4.57369355e-01
1.34481861e-01  4.62738623e-01
1.35153472e-01  4.68081402e-01
1.35829225e-01  4.73397212e-01
1.36471563e-01  4.79001535e-01
1.37114473e-01  4.84612996e-01
1.37761643e-01  4.90199006e-01
1.38412942e-01  4.95758942e-01
1.39055702e-01  5.01404610e-01
1.39680451e-01  5.07223792e-01
1.40309362e-01  5.13018154e-01
1.40942314e-01  5.18787027e-01
1.41570917e-01  5.24608246e-01
1.42182015e-01  5.30608677e-01
1.42797136e-01  5.36584570e-01
1.43416166e-01  5.42535268e-01
1.44024464e-01  5.48605615e-01
1.44625232e-01  5.54766033e-01
1.45229861e-01  5.60901913e-01
1.45835045e-01  5.67046011e-01
1.46424181e-01  5.73372759e-01
1.47017106e-01  5.79675398e-01
1.47613721e-01  5.85953247e-01
1.48194094e-01  5.92423479e-01
1.48777458e-01  5.98877564e-01
1.49364402e-01  6.05307384e-01
1.49936328e-01  6.11923642e-01
1.50511855e-01  6.18516111e-01
1.51087215e-01  6.25127319e-01
1.51652807e-01  6.31870707e-01
1.52221896e-01  6.38590208e-01
1.52785257e-01  6.45396591e-01
1.53345664e-01  6.52257177e-01
1.53908066e-01  6.59111134e-01
1.54460877e-01  6.66103694e-01
1.55017042e-01  6.73072579e-01
1.55566834e-01  6.80142277e-01
1.56116298e-01  6.87235419e-01
1.56663241e-01  6.94381135e-01
1.57206809e-01  7.01591296e-01
1.57750082e-01  7.08825228e-01
1.58288453e-01  7.16145938e-01
1.58827521e-01  7.23477206e-01
1.59361308e-01  7.30902568e-01
1.59895838e-01  7.38338022e-01
1.60425578e-01  7.45862673e-01
1.60955388e-01  7.53407319e-01
1.61481554e-01  7.61026317e-01
1.62006569e-01  7.68683770e-01
1.62529579e-01  7.76392537e-01
1.63049801e-01  7.84165333e-01
1.63570025e-01  7.91959619e-01
1.64085511e-01  7.99849432e-01
1.64601354e-01  8.07755786e-01
1.65114127e-01  8.15733001e-01
1.65625138e-01  8.23761094e-01
1.66135870e-01  8.31816046e-01
1.66642437e-01  8.39962706e-01
1.67148476e-01  8.48142344e-01
1.67653771e-01  8.56358407e-01
1.68155479e-01  8.64664195e-01
1.68656659e-01  8.73008050e-01
1.69157119e-01  8.81394149e-01
1.69655179e-01  8.89861012e-01
1.70152267e-01  8.98385693e-01
1.70648831e-01  9.06961438e-01
1.71144842e-01  9.15592172e-01
1.71639212e-01  9.24317655e-01
1.72133423e-01  9.33105525e-01
1.72627576e-01  9.41958692e-01
1.73121765e-01  9.50881336e-01
1.73616034e-01  9.59882118e-01
1.74110303e-01  9.68983415e-01
1.74605269e-01  9.78165039e-01
1.75101098e-01  9.87431216e-01
1.75597978e-01  9.96786062e-01
1.76096111e-01  1.00623369e+00
1.76595712e-01  1.01577813e+00
1.77097006e-01  1.02542324e+00
1.77600225e-01  1.03517274e+00
1.78105612e-01  1.04503526e+00
1.78613417e-01  1.05501038e+00
1.79123855e-01  1.06509736e+00
1.79637143e-01  1.07529893e+00
1.80153492e-01  1.08561753e+00
1.80673107e-01  1.09605523e+00
1.81196186e-01  1.10661371e+00
1.81722936e-01  1.11729631e+00
1.82253622e-01  1.12811038e+00
1.82788337e-01  1.13904985e+00
1.83327223e-01  1.15011449e+00
1.83870404e-01  1.16130343e+00
1.84417982e-01  1.17261526e+00
1.84970036e-01  1.18404802e+00
1.85526624e-01  1.19559909e+00
1.86087827e-01  1.20726811e+00
1.86654025e-01  1.21907151e+00
1.87224802e-01  1.23098251e+00
1.87800106e-01  1.24299602e+00
1.88379860e-01  1.25510644e+00
1.88964392e-01  1.26732983e+00
1.89553288e-01  1.27964460e+00
1.90146252e-01  1.29203629e+00
1.90743346e-01  1.30450962e+00
1.91344489e-01  1.31706279e+00
1.91949122e-01  1.32966977e+00
1.92557352e-01  1.34233984e+00
1.93168853e-01  1.35506008e+00
1.93783242e-01  1.36781400e+00
1.94400669e-01  1.38061572e+00
1.95020501e-01  1.39343368e+00
1.95642926e-01  1.40628492e+00
1.96267434e-01  1.41914311e+00
1.96894159e-01  1.43202169e+00
1.97522694e-01  1.44489817e+00
1.98153231e-01  1.45778849e+00
1.98785421e-01  1.47067175e+00
1.99419383e-01  1.48355723e+00
2.00054999e-01  1.49643757e+00
2.00692179e-01  1.50930738e+00
2.01331080e-01  1.52217668e+00
2.01971497e-01  1.53503267e+00
2.02613412e-01  1.54787452e+00
2.03256901e-01  1.56070704e+00
2.03901866e-01  1.57352425e+00
2.04548251e-01  1.58632334e+00
2.05196036e-01  1.59910322e+00
2.05845218e-01  1.61186401e+00
2.06495794e-01  1.62460556e+00
2.07147684e-01  1.63732366e+00
2.07800862e-01  1.65001722e+00
2.08455304e-01  1.66268500e+00
2.09110982e-01  1.67532589e+00
2.09767869e-01  1.68793873e+00
2.10425940e-01  1.70052226e+00
2.11085166e-01  1.71307537e+00
2.11745520e-01  1.72559690e+00
2.12406974e-01  1.73808575e+00
2.13069502e-01  1.75054077e+00
2.13733076e-01  1.76296092e+00
2.14397668e-01  1.77534518e+00
2.15063252e-01  1.78769255e+00
2.15729838e-01  1.80000344e+00
2.16397383e-01  1.81227629e+00
2.17065844e-01  1.82450960e+00
2.17735197e-01  1.83670244e+00
2.18405448e-01  1.84885522e+00
2.19076583e-01  1.86096747e+00
2.19748536e-01  1.87303699e+00
2.20421322e-01  1.88506430e+00
2.21094929e-01  1.89704916e+00
2.21769285e-01  1.90898932e+00
2.22444462e-01  1.92088703e+00
2.23120347e-01  1.93273897e+00
2.23797003e-01  1.94454706e+00
2.24474338e-01  1.95630874e+00
2.25152418e-01  1.96802593e+00
2.25831150e-01  1.97969619e+00
2.26510575e-01  1.99132059e+00
2.27190655e-01  2.00289833e+00
2.27871360e-01  2.01442869e+00
2.28552717e-01  2.02591236e+00
2.29234691e-01  2.03734870e+00
2.29917261e-01  2.04873718e+00
2.30600417e-01  2.06007780e+00
2.31284158e-01  2.07137059e+00
2.31968482e-01  2.08261557e+00
2.32653362e-01  2.09381223e+00
2.33338788e-01  2.10496055e+00
2.34024752e-01  2.11606043e+00
2.34711244e-01  2.12711185e+00
2.35398255e-01  2.13811475e+00
2.36085776e-01  2.14906905e+00
2.36773798e-01  2.15997473e+00
2.37462312e-01  2.17083174e+00
2.38151310e-01  2.18164009e+00
2.38840801e-01  2.19240004e+00
2.39530759e-01  2.20311130e+00
2.40221174e-01  2.21377392e+00
2.40912037e-01  2.22438788e+00
2.41603368e-01  2.23495357e+00
2.42295137e-01  2.24547074e+00
2.42987328e-01  2.25593939e+00
2.43679977e-01  2.26635996e+00
2.44373030e-01  2.27673219e+00
2.45066518e-01  2.28705637e+00
2.45760408e-01  2.29733239e+00
2.46454722e-01  2.30756060e+00
2.47149424e-01  2.31774086e+00
2.47844543e-01  2.32787354e+00
2.48540051e-01  2.33795857e+00
2.49235941e-01  2.34799612e+00
2.49932231e-01  2.35798634e+00
2.50628903e-01  2.36792937e+00
2.51325950e-01  2.37782531e+00
2.52023369e-01  2.38767435e+00
2.52721159e-01  2.39747662e+00
2.53419318e-01  2.40723220e+00
2.54117841e-01  2.41694136e+00
2.54816727e-01  2.42660417e+00
2.55515971e-01  2.43622081e+00
2.56215570e-01  2.44579147e+00
2.56915520e-01  2.45531628e+00
2.57615817e-01  2.46479540e+00
2.58316457e-01  2.47422901e+00
2.59017435e-01  2.48361729e+00
2.59718761e-01  2.49296041e+00
2.60420423e-01  2.50225853e+00
2.61122411e-01  2.51151185e+00
2.61824741e-01  2.52072046e+00
2.62527394e-01  2.52988465e+00
2.63230375e-01  2.53900453e+00
2.63933679e-01  2.54808033e+00
2.64637308e-01  2.55711214e+00
2.65341248e-01  2.56610027e+00
2.66045518e-01  2.57504475e+00
2.66750095e-01  2.58394592e+00
2.67454982e-01  2.59280387e+00
2.68160186e-01  2.60161877e+00
2.68865699e-01  2.61039082e+00
2.69571516e-01  2.61912027e+00
2.70277637e-01  2.62780723e+00
2.70984061e-01  2.63645188e+00
2.71690785e-01  2.64505447e+00
2.72397807e-01  2.65361514e+00
2.73105126e-01  2.66213407e+00
2.73812738e-01  2.67061150e+00
2.74520641e-01  2.67904757e+00
2.75228839e-01  2.68744244e+00
2.75937328e-01  2.69579629e+00
2.76646099e-01  2.70410941e+00
2.77355156e-01  2.71238189e+00
2.78064500e-01  2.72061393e+00
2.78774118e-01  2.72880579e+00
2.79484026e-01  2.73695749e+00
2.80194204e-01  2.74506939e+00
2.80904664e-01  2.75314155e+00
2.81615396e-01  2.76117425e+00
2.82326398e-01  2.76916762e+00
2.83037675e-01  2.77712185e+00
2.83749222e-01  2.78503710e+00
2.84461035e-01  2.79291361e+00
2.85173113e-01  2.80075156e+00
2.85885456e-01  2.80855106e+00
2.86598061e-01  2.81631237e+00
2.87310928e-01  2.82403560e+00
2.88024053e-01  2.83172101e+00
2.88737436e-01  2.83936871e+00
2.89451072e-01  2.84697899e+00
2.90164966e-01  2.85455188e+00
2.90879114e-01  2.86208758e+00
2.91593508e-01  2.86958642e+00
2.92308155e-01  2.87704842e+00
2.93023048e-01  2.88447383e+00
2.93738187e-01  2.89186284e+00
2.94453569e-01  2.89921562e+00
2.95169197e-01  2.90653226e+00
2.95885062e-01  2.91381309e+00
2.96601168e-01  2.92105814e+00
2.97317514e-01  2.92826765e+00
2.98034095e-01  2.93544180e+00
2.98750910e-01  2.94258076e+00
2.99467958e-01  2.94968471e+00
3.00185237e-01  2.95675382e+00
3.00902746e-01  2.96378825e+00
3.01620483e-01  2.97078818e+00
3.02338445e-01  2.97775382e+00
3.03056633e-01  2.98468530e+00
3.03775047e-01  2.99158272e+00
3.04493680e-01  2.99844639e+00
3.05212534e-01  3.00527640e+00
3.05931607e-01  3.01207294e+00
3.06650897e-01  3.01883615e+00
3.07370402e-01  3.02556626e+00
3.08090122e-01  3.03226337e+00
3.08810053e-01  3.03892770e+00
3.09530194e-01  3.04555943e+00
3.10250547e-01  3.05215862e+00
3.10971107e-01  3.05872554e+00
3.11691873e-01  3.06526032e+00
3.12412844e-01  3.07176311e+00
3.13134017e-01  3.07823412e+00
3.13855392e-01  3.08467347e+00
3.14576967e-01  3.09108136e+00
3.15298743e-01  3.09745787e+00
3.16020714e-01  3.10380328e+00
3.16742879e-01  3.11011772e+00
3.17465242e-01  3.11640125e+00
3.18187794e-01  3.12265416e+00
3.18910540e-01  3.12887653e+00
3.19633475e-01  3.13506852e+00
3.20356596e-01  3.14123038e+00
3.21079907e-01  3.14736213e+00
3.21803402e-01  3.15346404e+00
3.22527081e-01  3.15953620e+00
3.23250942e-01  3.16557881e+00
3.23974984e-01  3.17159200e+00
3.24699206e-01  3.17757593e+00
3.25423605e-01  3.18353078e+00
3.26148180e-01  3.18945670e+00
3.26872934e-01  3.19535372e+00
3.27597859e-01  3.20122219e+00
3.28322957e-01  3.20706214e+00
3.29048227e-01  3.21287374e+00
3.29773665e-01  3.21865721e+00
3.30499272e-01  3.22441260e+00
3.31225048e-01  3.23014006e+00
3.31950988e-01  3.23583982e+00
3.32677092e-01  3.24151201e+00
3.33403359e-01  3.24715675e+00
3.34129787e-01  3.25277423e+00
3.34856377e-01  3.25836450e+00
3.35583125e-01  3.26392780e+00
3.36310031e-01  3.26946424e+00
3.37037093e-01  3.27497397e+00
3.37764310e-01  3.28045715e+00
3.38491682e-01  3.28591387e+00
3.39219205e-01  3.29134436e+00
3.39946880e-01  3.29674869e+00
3.40674705e-01  3.30212703e+00
3.41402677e-01  3.30747957e+00
3.42130798e-01  3.31280635e+00
3.42859066e-01  3.31810754e+00
3.43587478e-01  3.32338333e+00
3.44316034e-01  3.32863383e+00
3.45044732e-01  3.33385919e+00
3.45773572e-01  3.33905951e+00
3.46502553e-01  3.34423494e+00
3.47231672e-01  3.34938566e+00
3.47960928e-01  3.35451179e+00
3.48690322e-01  3.35961343e+00
3.49419850e-01  3.36469077e+00
3.50149514e-01  3.36974386e+00
3.50879311e-01  3.37477288e+00
3.51609239e-01  3.37977802e+00
3.52339299e-01  3.38475930e+00
3.53069488e-01  3.38971696e+00
3.53799806e-01  3.39465106e+00
3.54530252e-01  3.39956175e+00
3.55260824e-01  3.40444918e+00
3.55991521e-01  3.40931347e+00
3.56722343e-01  3.41415471e+00
3.57453288e-01  3.41897309e+00
3.58184355e-01  3.42376869e+00
3.58915544e-01  3.42854164e+00
3.59646853e-01  3.43329208e+00
3.60378280e-01  3.43802018e+00
3.61109826e-01  3.44272597e+00
3.61841488e-01  3.44740967e+00
3.62573267e-01  3.45207133e+00
3.63305162e-01  3.45671106e+00
3.64037170e-01  3.46132907e+00
3.64769291e-01  3.46592543e+00
3.65501523e-01  3.47050030e+00
3.66233868e-01  3.47505372e+00
3.66966322e-01  3.47958588e+00
3.67698886e-01  3.48409686e+00
3.68431558e-01  3.48858680e+00
3.69164337e-01  3.49305582e+00
3.69897223e-01  3.49750402e+00
3.70630214e-01  3.50193154e+00
3.71363310e-01  3.50633847e+00
3.72096510e-01  3.51072493e+00
3.72829812e-01  3.51509108e+00
3.73563215e-01  3.51943703e+00
3.74296721e-01  3.52376279e+00
3.75030326e-01  3.52806859e+00
3.75764031e-01  3.53235447e+00
3.76497834e-01  3.53662059e+00
3.77231734e-01  3.54086706e+00
3.77965732e-01  3.54509394e+00
3.78699825e-01  3.54930140e+00
3.79434013e-01  3.55348952e+00
3.80168296e-01  3.55765840e+00
3.80902673e-01  3.56180814e+00
3.81637141e-01  3.56593893e+00
3.82371702e-01  3.57005078e+00
3.83106353e-01  3.57414386e+00
3.83841096e-01  3.57821822e+00
3.84575927e-01  3.58227400e+00
3.85310847e-01  3.58631132e+00
3.86045855e-01  3.59033027e+00
3.86780951e-01  3.59433092e+00
3.87516133e-01  3.59831340e+00
3.88251401e-01  3.60227781e+00
3.88986754e-01  3.60622428e+00
3.89722191e-01  3.61015290e+00
3.90457712e-01  3.61406372e+00
3.91193315e-01  3.61795692e+00
3.91929001e-01  3.62183252e+00
3.92664768e-01  3.62569070e+00
3.93400616e-01  3.62953150e+00
3.94136544e-01  3.63335503e+00
3.94872552e-01  3.63716137e+00
3.95608638e-01  3.64095064e+00
3.96344802e-01  3.64472298e+00
3.97081044e-01  3.64847841e+00
3.97817363e-01  3.65221706e+00
3.98553757e-01  3.65593902e+00
3.99290227e-01  3.65964443e+00
4.00026772e-01  3.66333328e+00
4.00763391e-01  3.66700574e+00
4.01500084e-01  3.67066191e+00
4.02236850e-01  3.67430180e+00
4.02973688e-01  3.67792559e+00
4.03710598e-01  3.68153334e+00
4.04447579e-01  3.68512516e+00
4.05184630e-01  3.68870110e+00
4.05921752e-01  3.69226127e+00
4.06658943e-01  3.69580575e+00
4.07396203e-01  3.69933465e+00
4.08133531e-01  3.70284802e+00
4.08870926e-01  3.70634601e+00
4.09608389e-01  3.70982864e+00
4.10345919e-01  3.71329602e+00
4.11083514e-01  3.71674826e+00
4.11821175e-01  3.72018539e+00
4.12558901e-01  3.72360757e+00
4.13296691e-01  3.72701482e+00
4.14034545e-01  3.73040726e+00
4.14772463e-01  3.73378492e+00
4.15510443e-01  3.73714797e+00
4.16248486e-01  3.74049641e+00
4.16986591e-01  3.74383035e+00
4.17724757e-01  3.74714991e+00
4.18462983e-01  3.75045515e+00
4.19201270e-01  3.75374610e+00
4.19939617e-01  3.75702289e+00
4.20678023e-01  3.76028559e+00
4.21416488e-01  3.76353427e+00
4.22155012e-01  3.76676900e+00
4.22893593e-01  3.76998989e+00
4.23632232e-01  3.77319698e+00
4.24370928e-01  3.77639037e+00
4.25109680e-01  3.77957018e+00
4.25848489e-01  3.78273638e+00
4.26587353e-01  3.78588910e+00
4.27326272e-01  3.78902847e+00
4.28065246e-01  3.79215447e+00
4.28804275e-01  3.79526722e+00
4.29543357e-01  3.79836679e+00
4.30282493e-01  3.80145327e+00
4.31021682e-01  3.80452668e+00
4.31760923e-01  3.80758716e+00
4.32500217e-01  3.81063475e+00
4.33239563e-01  3.81366948e+00
4.33978959e-01  3.81669154e+00
4.34718407e-01  3.81970086e+00
4.35457906e-01  3.82269756e+00
4.36197455e-01  3.82568174e+00
4.36937053e-01  3.82865348e+00
4.37676701e-01  3.83161279e+00
4.38416398e-01  3.83455978e+00
4.39156144e-01  3.83749447e+00
4.39895938e-01  3.84041699e+00
4.40635780e-01  3.84332739e+00
4.41375669e-01  3.84622572e+00
4.42115606e-01  3.84911203e+00
4.42855589e-01  3.85198645e+00
4.43595619e-01  3.85484897e+00
4.44335695e-01  3.85769970e+00
4.45075817e-01  3.86053868e+00
4.45815984e-01  3.86336600e+00
4.46556197e-01  3.86618169e+00
4.47296454e-01  3.86898584e+00
4.48036755e-01  3.87177854e+00
4.48777101e-01  3.87455978e+00
4.49517490e-01  3.87732968e+00
4.50257922e-01  3.88008831e+00
4.50998398e-01  3.88283565e+00
4.51738916e-01  3.88557185e+00
4.52479477e-01  3.88829693e+00
4.53220080e-01  3.89101096e+00
4.53960725e-01  3.89371398e+00
4.54701411e-01  3.89640608e+00
4.55442138e-01  3.89908732e+00
4.56182906e-01  3.90175774e+00
4.56923715e-01  3.90441738e+00
4.57664564e-01  3.90706633e+00
4.58405453e-01  3.90970463e+00
4.59146382e-01  3.91233235e+00
4.59887350e-01  3.91494955e+00
4.60628357e-01  3.91755627e+00
4.61369403e-01  3.92015258e+00
4.62110487e-01  3.92273856e+00
4.62851610e-01  3.92531420e+00
4.63592771e-01  3.92787959e+00
4.64333969e-01  3.93043480e+00
4.65075205e-01  3.93297987e+00
4.65816478e-01  3.93551485e+00
4.66557788e-01  3.93803979e+00
4.67299134e-01  3.94055480e+00
4.68040517e-01  3.94305985e+00
4.68781936e-01  3.94555503e+00
4.69523391e-01  3.94804037e+00
4.70264881e-01  3.95051598e+00
4.71006407e-01  3.95298186e+00
4.71747968e-01  3.95543806e+00
4.72489563e-01  3.95788469e+00
4.73231194e-01  3.96032170e+00
4.73972858e-01  3.96274925e+00
4.74714557e-01  3.96516731e+00
4.75456289e-01  3.96757599e+00
4.76198056e-01  3.96997527e+00
4.76939855e-01  3.97236527e+00
4.77681688e-01  3.97474599e+00
4.78423554e-01  3.97711749e+00
4.79165452e-01  3.97947984e+00
4.79907383e-01  3.98183307e+00
4.80649346e-01  3.98417723e+00
4.81391341e-01  3.98651237e+00
4.82133368e-01  3.98883854e+00
4.82875426e-01  3.99115577e+00
4.83617516e-01  3.99346412e+00
4.84359637e-01  3.99576364e+00
4.85101789e-01  3.99805438e+00
4.85843972e-01  4.00033634e+00
4.86586185e-01  4.00260965e+00
4.87328429e-01  4.00487426e+00
4.88070702e-01  4.00713030e+00
4.88813006e-01  4.00937776e+00
4.89555339e-01  4.01161671e+00
4.90297702e-01  4.01384717e+00
4.91040094e-01  4.01606921e+00
4.91782515e-01  4.01828287e+00
4.92524965e-01  4.02048819e+00
4.93267444e-01  4.02268518e+00
4.94009951e-01  4.02487395e+00
4.94752487e-01  4.02705447e+00
4.95495051e-01  4.02922682e+00
4.96237642e-01  4.03139107e+00
4.96980262e-01  4.03354720e+00
4.97722909e-01  4.03569529e+00
4.98465584e-01  4.03783536e+00
4.99208285e-01  4.03996751e+00
4.99951014e-01  4.04209169e+00
5.00693770e-01  4.04420798e+00
5.01436553e-01  4.04631643e+00
5.02179362e-01  4.04841708e+00
5.02922197e-01  4.05050999e+00
5.03665058e-01  4.05259517e+00
5.04407946e-01  4.05467263e+00
5.05150859e-01  4.05674247e+00
5.05893799e-01  4.05880466e+00
5.06636763e-01  4.06085933e+00
5.07379753e-01  4.06290645e+00
5.08122768e-01  4.06494607e+00
5.08865809e-01  4.06697821e+00
5.09608874e-01  4.06900296e+00
5.10351963e-01  4.07102036e+00
5.11095078e-01  4.07303035e+00
5.11838217e-01  4.07503305e+00
5.12581380e-01  4.07702849e+00
5.13324567e-01  4.07901671e+00
5.14067778e-01  4.08099771e+00
5.14811013e-01  4.08297155e+00
5.15554271e-01  4.08493828e+00
5.16297553e-01  4.08689791e+00
5.17040858e-01  4.08885049e+00
5.17784187e-01  4.09079602e+00
5.18527539e-01  4.09273458e+00
5.19270913e-01  4.09466621e+00
5.20014310e-01  4.09659091e+00
5.20757730e-01  4.09850872e+00
5.21501173e-01  4.10041966e+00
5.22244637e-01  4.10232384e+00
5.22988125e-01  4.10422118e+00
5.23731634e-01  4.10611180e+00
5.24475165e-01  4.10799571e+00
5.25218717e-01  4.10987296e+00
5.25962292e-01  4.11174352e+00
5.26705888e-01  4.11360748e+00
5.27449506e-01  4.11546485e+00
5.28193144e-01  4.11731570e+00
5.28936804e-01  4.11916000e+00
5.29680485e-01  4.12099782e+00
5.30424187e-01  4.12282919e+00
5.31167910e-01  4.12465412e+00
5.31911653e-01  4.12647268e+00
5.32655417e-01  4.12828487e+00
5.33399202e-01  4.13009070e+00
5.34143006e-01  4.13189028e+00
5.34886831e-01  4.13368356e+00
5.35630676e-01  4.13547060e+00
5.36374540e-01  4.13725146e+00
5.37118425e-01  4.13902611e+00
5.37862329e-01  4.14079463e+00
5.38606253e-01  4.14255702e+00
5.39350196e-01  4.14431333e+00
5.40094159e-01  4.14606356e+00
5.40838141e-01  4.14780777e+00
5.41582142e-01  4.14954598e+00
5.42326162e-01  4.15127822e+00
5.43070201e-01  4.15300451e+00
5.43814259e-01  4.15472488e+00
5.44558335e-01  4.15643938e+00
5.45302430e-01  4.15814801e+00
5.46046543e-01  4.15985082e+00
5.46790675e-01  4.16154780e+00
5.47534825e-01  4.16323902e+00
5.48278994e-01  4.16492446e+00
5.49023180e-01  4.16660421e+00
5.49767384e-01  4.16827828e+00
5.50511606e-01  4.16994666e+00
5.51255846e-01  4.17160939e+00
5.52000104e-01  4.17326650e+00
5.52744379e-01  4.17491804e+00
5.53488671e-01  4.17656403e+00
5.54232981e-01  4.17820447e+00
5.54977308e-01  4.17983941e+00
5.55721652e-01  4.18146886e+00
5.56466014e-01  4.18309283e+00
5.57210392e-01  4.18471140e+00
5.57954787e-01  4.18632456e+00
5.58699199e-01  4.18793233e+00
5.59443628e-01  4.18953474e+00
5.60188073e-01  4.19113182e+00
5.60932535e-01  4.19272359e+00
5.61677013e-01  4.19431009e+00
5.62421507e-01  4.19589135e+00
5.63166018e-01  4.19746734e+00
5.63910544e-01  4.19903817e+00
5.64655087e-01  4.20060378e+00
5.65399646e-01  4.20216423e+00
5.66144221e-01  4.20371954e+00
5.66888811e-01  4.20526976e+00
5.67633417e-01  4.20681488e+00
5.68378039e-01  4.20835493e+00
5.69122676e-01  4.20988995e+00
5.69867329e-01  4.21141993e+00
5.70611997e-01  4.21294494e+00
5.71356681e-01  4.21446494e+00
5.72101379e-01  4.21598003e+00
5.72846093e-01  4.21749017e+00
5.73590822e-01  4.21899540e+00
5.74335565e-01  4.22049579e+00
5.75080324e-01  4.22199128e+00
5.75825097e-01  4.22348195e+00
5.76569885e-01  4.22496780e+00
5.77314688e-01  4.22644884e+00
5.78059505e-01  4.22792513e+00
5.78804337e-01  4.22939665e+00
5.79549183e-01  4.23086345e+00
5.80294044e-01  4.23232554e+00
5.81038918e-01  4.23378296e+00
5.81783807e-01  4.23523571e+00
5.82528710e-01  4.23668381e+00
5.83273628e-01  4.23812725e+00
5.84018559e-01  4.23956612e+00
5.84763504e-01  4.24100041e+00
5.85508462e-01  4.24243017e+00
5.86253435e-01  4.24385534e+00
5.86998421e-01  4.24527601e+00
5.87743421e-01  4.24669217e+00
5.88488434e-01  4.24810387e+00
5.89233461e-01  4.24951110e+00
5.89978501e-01  4.25091389e+00
5.90723555e-01  4.25231225e+00
5.91468622e-01  4.25370620e+00
5.92213702e-01  4.25509579e+00
5.92958795e-01  4.25648102e+00
5.93703901e-01  4.25786190e+00
5.94449020e-01  4.25923847e+00
5.95194152e-01  4.26061072e+00
5.95939297e-01  4.26197870e+00
5.96684455e-01  4.26334239e+00
5.97429625e-01  4.26470186e+00
5.98174808e-01  4.26605709e+00
5.98920004e-01  4.26740811e+00
5.99665212e-01  4.26875494e+00
6.00410433e-01  4.27009759e+00
6.01155666e-01  4.27143610e+00
6.01900912e-01  4.27277045e+00
6.02646170e-01  4.27410068e+00
6.03391440e-01  4.27542684e+00
6.04136722e-01  4.27674890e+00
6.04882016e-01  4.27806691e+00
6.05627323e-01  4.27938084e+00
6.06372641e-01  4.28069078e+00
6.07117971e-01  4.28199670e+00
6.07863314e-01  4.28329859e+00
6.08608668e-01  4.28459653e+00
6.09354033e-01  4.28589053e+00
6.10099411e-01  4.28718055e+00
6.10844800e-01  4.28846666e+00
6.11590201e-01  4.28974886e+00
6.12335613e-01  4.29102717e+00
6.13081036e-01  4.29230163e+00
6.13826472e-01  4.29357218e+00
6.14571918e-01  4.29483893e+00
6.15317376e-01  4.29610183e+00
6.16062845e-01  4.29736093e+00
6.16808325e-01  4.29861625e+00
6.17553816e-01  4.29986779e+00
6.18299319e-01  4.30111555e+00
6.19044832e-01  4.30235959e+00
6.19790357e-01  4.30359987e+00
6.20535892e-01  4.30483647e+00
6.21281439e-01  4.30606934e+00
6.22026996e-01  4.30729855e+00
6.22772564e-01  4.30852410e+00
6.23518142e-01  4.30974601e+00
6.24263732e-01  4.31096425e+00
6.25009332e-01  4.31217889e+00
6.25754942e-01  4.31338994e+00
6.26500563e-01  4.31459739e+00
6.27246195e-01  4.31580125e+00
6.27991837e-01  4.31700157e+00
6.28737489e-01  4.31819836e+00
6.29483152e-01  4.31939159e+00
6.30228825e-01  4.32058132e+00
6.30974508e-01  4.32176756e+00
6.31720202e-01  4.32295029e+00
6.32465905e-01  4.32412958e+00
6.33211619e-01  4.32530540e+00
6.33957343e-01  4.32647778e+00
6.34703076e-01  4.32764675e+00
6.35448820e-01  4.32881229e+00
6.36194574e-01  4.32997442e+00
6.36940337e-01  4.33113319e+00
6.37686110e-01  4.33228859e+00
6.38431893e-01  4.33344063e+00
6.39177686e-01  4.33458932e+00
6.39923489e-01  4.33573467e+00
6.40669301e-01  4.33687672e+00
6.41415123e-01  4.33801547e+00
6.42160954e-01  4.33915094e+00
6.42906795e-01  4.34028312e+00
6.43652645e-01  4.34141206e+00
6.44398505e-01  4.34253774e+00
6.45144374e-01  4.34366018e+00
6.45890252e-01  4.34477943e+00
6.46636140e-01  4.34589544e+00
6.47382037e-01  4.34700827e+00
6.48127943e-01  4.34811792e+00
6.48873858e-01  4.34922443e+00
6.49619783e-01  4.35032775e+00
6.50365716e-01  4.35142792e+00
6.51111659e-01  4.35252498e+00
6.51857611e-01  4.35361888e+00
6.52603571e-01  4.35470973e+00
6.53349541e-01  4.35579748e+00
6.54095519e-01  4.35688215e+00
6.54841507e-01  4.35796372e+00
6.55587503e-01  4.35904228e+00
6.56333508e-01  4.36011778e+00
6.57079521e-01  4.36119028e+00
6.57825544e-01  4.36225969e+00
6.58571575e-01  4.36332614e+00
6.59317615e-01  4.36438961e+00
6.60063663e-01  4.36545008e+00
6.60809720e-01  4.36650761e+00
6.61555785e-01  4.36756214e+00
6.62301859e-01  4.36861373e+00
6.63047941e-01  4.36966244e+00
6.63794032e-01  4.37070816e+00
6.64540131e-01  4.37175100e+00
6.65286238e-01  4.37279096e+00
6.66032354e-01  4.37382801e+00
6.66778478e-01  4.37486218e+00
6.67524610e-01  4.37589349e+00
6.68270750e-01  4.37692196e+00
6.69016899e-01  4.37794758e+00
6.69763055e-01  4.37897038e+00
6.70509220e-01  4.37999033e+00
6.71255393e-01  4.38100749e+00
6.72001573e-01  4.38202186e+00
6.72747762e-01  4.38303344e+00
6.73493959e-01  4.38404223e+00
6.74240164e-01  4.38504826e+00
6.74986376e-01  4.38605156e+00
6.75732596e-01  4.38705212e+00
6.76478825e-01  4.38804992e+00
6.77225061e-01  4.38904500e+00
6.77971304e-01  4.39003741e+00
6.78717556e-01  4.39102708e+00
6.79463815e-01  4.39201405e+00
6.80210082e-01  4.39299838e+00
6.80956356e-01  4.39398004e+00
6.81702638e-01  4.39495901e+00
6.82448928e-01  4.39593534e+00
6.83195225e-01  4.39690903e+00
6.83941529e-01  4.39788014e+00
6.84687841e-01  4.39884861e+00
6.85434161e-01  4.39981445e+00
6.86180488e-01  4.40077770e+00
6.86926822e-01  4.40173837e+00
6.87673164e-01  4.40269645e+00
6.88419513e-01  4.40365197e+00
6.89165869e-01  4.40460494e+00
6.89912232e-01  4.40555538e+00
6.90658603e-01  4.40650326e+00
6.91404981e-01  4.40744863e+00
6.92151366e-01  4.40839144e+00
6.92897758e-01  4.40933177e+00
6.93644158e-01  4.41026961e+00
6.94390564e-01  4.41120496e+00
6.95136978e-01  4.41213781e+00
6.95883398e-01  4.41306820e+00
6.96629826e-01  4.41399613e+00
6.97376260e-01  4.41492161e+00
6.98122702e-01  4.41584465e+00
6.98869150e-01  4.41676526e+00
6.99615605e-01  4.41768343e+00
7.00362067e-01  4.41859920e+00
7.01108536e-01  4.41951258e+00
7.01855012e-01  4.42042353e+00
7.02601494e-01  4.42133213e+00
7.03347983e-01  4.42223831e+00
7.04094479e-01  4.42314214e+00
7.04840982e-01  4.42404359e+00
7.05587491e-01  4.42494272e+00
7.06334007e-01  4.42583949e+00
7.07080530e-01  4.42673392e+00
7.07827059e-01  4.42762606e+00
7.08573595e-01  4.42851584e+00
7.09320137e-01  4.42940334e+00
7.10066686e-01  4.43028855e+00
7.10813241e-01  4.43117146e+00
7.11559803e-01  4.43205205e+00
7.12306371e-01  4.43293042e+00
7.13052946e-01  4.43380648e+00
7.13799527e-01  4.43468031e+00
7.14546114e-01  4.43555188e+00
7.15292708e-01  4.43642121e+00
7.16039308e-01  4.43728833e+00
7.16785914e-01  4.43815321e+00
7.17532526e-01  4.43901589e+00
7.18279145e-01  4.43987635e+00
7.19025770e-01  4.44073458e+00
7.19772401e-01  4.44159067e+00
7.20519039e-01  4.44244455e+00
7.21265682e-01  4.44329626e+00
7.22012332e-01  4.44414580e+00
7.22758988e-01  4.44499316e+00
7.23505649e-01  4.44583844e+00
7.24252317e-01  4.44668153e+00
7.24998991e-01  4.44752247e+00
7.25745671e-01  4.44836129e+00
7.26492357e-01  4.44919799e+00
7.27239049e-01  4.45003259e+00
7.27985747e-01  4.45086508e+00
7.28732450e-01  4.45169550e+00
7.29479160e-01  4.45252378e+00
7.30225875e-01  4.45335002e+00
7.30972597e-01  4.45417417e+00
7.31719324e-01  4.45499626e+00
7.32466057e-01  4.45581626e+00
7.33212795e-01  4.45663428e+00
7.33959540e-01  4.45745019e+00
7.34706290e-01  4.45826407e+00
7.35453046e-01  4.45907596e+00
7.36199808e-01  4.45988578e+00
7.36946575e-01  4.46069361e+00
7.37693348e-01  4.46149943e+00
7.38440127e-01  4.46230324e+00
7.39186911e-01  4.46310508e+00
7.39933701e-01  4.46390491e+00
7.40680496e-01  4.46470280e+00
7.41427297e-01  4.46549867e+00
7.42174104e-01  4.46629259e+00
7.42920916e-01  4.46708455e+00
7.43667733e-01  4.46787458e+00
7.44414556e-01  4.46866267e+00
7.45161385e-01  4.46944877e+00
7.45908218e-01  4.47023300e+00
7.46655058e-01  4.47101527e+00
7.47401902e-01  4.47179564e+00
7.48148752e-01  4.47257412e+00
7.48895608e-01  4.47335063e+00
7.49642468e-01  4.47412533e+00
7.50389335e-01  4.47489806e+00
7.51136206e-01  4.47566896e+00
7.51883082e-01  4.47643799e+00
7.52629964e-01  4.47720510e+00
7.53376851e-01  4.47797039e+00
7.54123744e-01  4.47873379e+00
7.54870641e-01  4.47949537e+00
7.55617544e-01  4.48025508e+00
7.56364452e-01  4.48101297e+00
7.57111365e-01  4.48176904e+00
7.57858283e-01  4.48252326e+00
7.58605206e-01  4.48327568e+00
7.59352135e-01  4.48402627e+00
7.60099068e-01  4.48477510e+00
7.60846006e-01  4.48552210e+00
7.61592950e-01  4.48626729e+00
7.62339898e-01  4.48701072e+00
7.63086852e-01  4.48775237e+00
7.63833810e-01  4.48849224e+00
7.64580774e-01  4.48923033e+00
7.65327742e-01  4.48996666e+00
7.66074716e-01  4.49070123e+00
7.66821694e-01  4.49143406e+00
7.67568677e-01  4.49216515e+00
7.68315665e-01  4.49289450e+00
7.69062658e-01  4.49362212e+00
7.69809656e-01  4.49434802e+00
7.70556658e-01  4.49507220e+00
7.71303666e-01  4.49579464e+00
7.72050678e-01  4.49651539e+00
7.72797695e-01  4.49723445e+00
7.73544716e-01  4.49795182e+00
7.74291743e-01  4.49866746e+00
7.75038774e-01  4.49938144e+00
7.75785810e-01  4.50009373e+00
7.76532850e-01  4.50080437e+00
7.77279896e-01  4.50151332e+00
7.78026946e-01  4.50222061e+00
7.78774000e-01  4.50292626e+00
7.79521059e-01  4.50363026e+00
7.80268123e-01  4.50433258e+00
7.81015191e-01  4.50503331e+00
7.81762264e-01  4.50573238e+00
7.82509342e-01  4.50642980e+00
7.83256424e-01  4.50712561e+00
7.84003511e-01  4.50781982e+00
7.84750602e-01  4.50851242e+00
7.85497698e-01  4.50920339e+00
7.86244798e-01  4.50989277e+00
7.86991902e-01  4.51058056e+00
7.87739011e-01  4.51126676e+00
7.88486125e-01  4.51195137e+00
7.89233243e-01  4.51263439e+00
7.89980365e-01  4.51331586e+00
7.90727492e-01  4.51399574e+00
7.91474623e-01  4.51467407e+00
7.92221759e-01  4.51535082e+00
7.92968899e-01  4.51602601e+00
7.93716043e-01  4.51669969e+00
7.94463192e-01  4.51737180e+00
7.95210344e-01  4.51804240e+00
7.95957502e-01  4.51871143e+00
7.96704663e-01  4.51937895e+00
7.97451829e-01  4.52004495e+00
7.98198999e-01  4.52070942e+00
7.98946173e-01  4.52137238e+00
7.99693351e-01  4.52203386e+00
8.00440534e-01  4.52269381e+00
8.01187721e-01  4.52335226e+00
8.01934912e-01  4.52400922e+00
8.02682107e-01  4.52466471e+00
8.03429307e-01  4.52531868e+00
8.04176510e-01  4.52597120e+00
8.04923718e-01  4.52662223e+00
8.05670929e-01  4.52727182e+00
8.06418145e-01  4.52791994e+00
8.07165365e-01  4.52856657e+00
8.07912589e-01  4.52921177e+00
8.08659817e-01  4.52985553e+00
8.09407049e-01  4.53049782e+00
8.10154286e-01  4.53113867e+00
8.10901526e-01  4.53177809e+00
8.11648770e-01  4.53241609e+00
8.12396018e-01  4.53305267e+00
8.13143270e-01  4.53368783e+00
8.13890527e-01  4.53432153e+00
8.14637787e-01  4.53495385e+00
8.15385051e-01  4.53558476e+00
8.16132319e-01  4.53621427e+00
8.16879591e-01  4.53684239e+00
8.17626866e-01  4.53746911e+00
8.18374146e-01  4.53809443e+00
8.19121430e-01  4.53871837e+00
8.19868717e-01  4.53934093e+00
8.20616009e-01  4.53996210e+00
8.21363304e-01  4.54058192e+00
8.22110603e-01  4.54120035e+00
8.22857905e-01  4.54181746e+00
8.23605212e-01  4.54243317e+00
8.24352523e-01  4.54304753e+00
8.25099837e-01  4.54366056e+00
8.25847155e-01  4.54427223e+00
8.26594476e-01  4.54488258e+00
8.27341802e-01  4.54549156e+00
8.28089131e-01  4.54609924e+00
8.28836464e-01  4.54670556e+00
8.29583801e-01  4.54731056e+00
8.30331141e-01  4.54791426e+00
8.31078485e-01  4.54851664e+00
8.31825833e-01  4.54911770e+00
8.32573184e-01  4.54971745e+00
8.33320539e-01  4.55031590e+00
8.34067898e-01  4.55091305e+00
8.34815260e-01  4.55150892e+00
8.35562626e-01  4.55210348e+00
8.36309996e-01  4.55269675e+00
8.37057369e-01  4.55328876e+00
8.37804746e-01  4.55387947e+00
8.38552126e-01  4.55446892e+00
8.39299510e-01  4.55505708e+00
8.40046897e-01  4.55564399e+00
8.40794288e-01  4.55622964e+00
8.41541683e-01  4.55681400e+00
8.42289081e-01  4.55739713e+00
8.43036482e-01  4.55797902e+00
8.43783887e-01  4.55855966e+00
8.44531296e-01  4.55913903e+00
8.45278708e-01  4.55971717e+00
8.46026123e-01  4.56029409e+00
8.46773542e-01  4.56086977e+00
8.47520964e-01  4.56144422e+00
8.48268390e-01  4.56201745e+00
8.49015819e-01  4.56258946e+00
8.49763252e-01  4.56316023e+00
8.50510688e-01  4.56372982e+00
8.51258127e-01  4.56429819e+00
8.52005570e-01  4.56486535e+00
8.52753016e-01  4.56543132e+00
8.53500466e-01  4.56599607e+00
8.54247919e-01  4.56655964e+00
8.54995375e-01  4.56712202e+00
8.55742834e-01  4.56768322e+00
8.56490297e-01  4.56824324e+00
8.57237763e-01  4.56880207e+00
8.57985233e-01  4.56935972e+00
8.58732706e-01  4.56991618e+00
8.59480182e-01  4.57047150e+00
8.60227661e-01  4.57102565e+00
8.60975144e-01  4.57157863e+00
8.61722629e-01  4.57213048e+00
8.62470119e-01  4.57268113e+00
8.63217611e-01  4.57323066e+00
8.63965106e-01  4.57377905e+00
8.64712605e-01  4.57432627e+00
8.65460107e-01  4.57487236e+00
8.66207612e-01  4.57541732e+00
8.66955120e-01  4.57596114e+00
8.67702632e-01  4.57650382e+00
8.68450147e-01  4.57704539e+00
8.69197664e-01  4.57758584e+00
8.69945185e-01  4.57812516e+00
8.70692709e-01  4.57866337e+00
8.71440237e-01  4.57920044e+00
8.72187767e-01  4.57973644e+00
8.72935300e-01  4.58027131e+00
8.73682837e-01  4.58080508e+00
8.74430377e-01  4.58133774e+00
8.75177919e-01  4.58186934e+00
8.75925465e-01  4.58239981e+00
8.76673014e-01  4.58292920e+00
8.77420566e-01  4.58345750e+00
8.78168121e-01  4.58398473e+00
8.78915679e-01  4.58451087e+00
8.79663240e-01  4.58503594e+00
8.80410804e-01  4.58555993e+00
8.81158371e-01  4.58608285e+00
8.81905941e-01  4.58660471e+00
8.82653514e-01  4.58712549e+00
8.83401090e-01  4.58764522e+00
8.84148669e-01  4.58816390e+00
8.84896251e-01  4.58868151e+00
8.85643836e-01  4.58919808e+00
8.86391424e-01  4.58971358e+00
8.87139014e-01  4.59022808e+00
8.87886608e-01  4.59074150e+00
8.88634205e-01  4.59125389e+00
8.89381804e-01  4.59176526e+00
8.90129407e-01  4.59227556e+00
8.90877012e-01  4.59278486e+00
8.91624620e-01  4.59329314e+00
8.92372232e-01  4.59380035e+00
8.93119846e-01  4.59430657e+00
8.93867462e-01  4.59481180e+00
8.94615082e-01  4.59531597e+00
8.95362705e-01  4.59581914e+00
8.96110330e-01  4.59632132e+00
8.96857959e-01  4.59682247e+00
8.97605590e-01  4.59732262e+00
8.98353223e-01  4.59782179e+00
8.99100860e-01  4.59831995e+00
8.99848500e-01  4.59881711e+00
9.00596142e-01  4.59931329e+00
9.01343787e-01  4.59980848e+00
9.02091435e-01  4.60030268e+00
9.02839086e-01  4.60079589e+00
9.03586739e-01  4.60128813e+00
9.04334395e-01  4.60177939e+00
9.05082054e-01  4.60226968e+00
9.05829716e-01  4.60275899e+00
9.06577380e-01  4.60324734e+00
9.07325047e-01  4.60373472e+00
9.08072717e-01  4.60422114e+00
9.08820389e-01  4.60470661e+00
9.09568065e-01  4.60519109e+00
9.10315742e-01  4.60567465e+00
9.11063423e-01  4.60615724e+00
9.11811106e-01  4.60663889e+00
9.12558792e-01  4.60711958e+00
9.13306481e-01  4.60759933e+00
9.14054172e-01  4.60807815e+00
9.14801866e-01  4.60855602e+00
9.15549562e-01  4.60903297e+00
9.16297262e-01  4.60950895e+00
9.17044963e-01  4.60998405e+00
9.17792668e-01  4.61045819e+00
9.18540375e-01  4.61093141e+00
9.19288084e-01  4.61140373e+00
9.20035797e-01  4.61187509e+00
9.20783511e-01  4.61234558e+00
9.21531229e-01  4.61281510e+00
9.22278949e-01  4.61328375e+00
9.23026671e-01  4.61375148e+00
9.23774396e-01  4.61421831e+00
9.24522124e-01  4.61468422e+00
9.25269854e-01  4.61514923e+00
9.26017587e-01  4.61561335e+00
9.26765322e-01  4.61607658e+00
9.27513060e-01  4.61653890e+00
9.28260800e-01  4.61700034e+00
9.29008543e-01  4.61746088e+00
9.29756288e-01  4.61792054e+00
9.30504036e-01  4.61837932e+00
9.31251786e-01  4.61883722e+00
9.31999539e-01  4.61929424e+00
9.32747294e-01  4.61975038e+00
9.33495052e-01  4.62020564e+00
9.34242812e-01  4.62066004e+00
9.34990575e-01  4.62111355e+00
9.35738340e-01  4.62156621e+00
9.36486107e-01  4.62201802e+00
9.37233877e-01  4.62246895e+00
9.37981650e-01  4.62291901e+00
9.38729425e-01  4.62336822e+00
9.39477202e-01  4.62381658e+00
9.40224982e-01  4.62426409e+00
9.40972764e-01  4.62471075e+00
9.41720548e-01  4.62515657e+00
9.42468335e-01  4.62560153e+00
9.43216124e-01  4.62604566e+00
9.43963916e-01  4.62648894e+00
9.44711710e-01  4.62693138e+00
